   0.00000
  10.00000
  23.38785
  38.98009
  54.82318
  68.87595
  79.72267
  87.06755
  91.83810
  95.86111
 101.22452
 109.54803
 121.41728
 136.17928
 152.17054
 167.29814
 179.77085
 188.72489
 194.52564
 198.64002
 203.12405
 209.90461
 220.10635
 233.65879
 249.32097
 265.11491
 279.01664
 289.66316
 296.82863
 301.50323
 305.54727
 311.04135
 319.55951
 331.61940
 346.50144
 362.50020
 377.52013
 389.80763
 398.56362
 404.22265
 408.30115
 412.86768
 419.82030
 430.22355
 443.93656
 459.66227
 475.40053
 489.14679
 499.59238
 506.58165
 511.16632
 515.23813
 520.86797
 529.58245
 541.83065
 556.82721
 572.82668
 587.73328
 599.83299
 608.39232
 613.91454
 617.96386
 622.61904
 629.74716
 640.35147
 654.22085
 670.00362
 685.67969
 699.26626
 709.51042
 716.32688
 720.82775
 724.93403
 730.70457
 739.61683
 752.05080
 767.15623
 783.14963
 797.93734
 809.84688
 818.21119
 823.60166
 827.62853
 832.37840
 839.68528
 850.48995
 864.51132
 880.34462
 895.95210
 909.37490
 919.41735
 926.06462
 930.48790
 934.63532
 940.55134
 949.66262
 962.27960
 977.48812
 993.46867
1008.13208
1019.84929
  10.00000
  13.38785
  15.59223
  15.84309
  14.05278
  10.84672
   7.34488
   4.77055
   4.02301
   5.36341
   8.32351
  11.86925
  14.76201
  15.99126
  15.12759
  12.47271
   8.95404
   5.80075
   4.11438
   4.48403
   6.78056
  10.20174
  13.55244
  15.66217
  15.79395
  13.90173
  10.64652
   7.16547
   4.67460
   4.04404
   5.49408
   8.51816
  12.05989
  14.88204
  15.99876
  15.01993
  12.28750
   8.75598
   5.65903
   4.07851
   4.56653
   6.95262
  10.40325
  13.71301
  15.72571
  15.73826
  13.74626
  10.44559
   6.98926
   4.58467
   4.07181
   5.62984
   8.71448
  12.24820
  14.99656
  15.99947
  14.90660
  12.09971
   8.55933
   5.52222
   4.04933
   4.65518
   7.12812
  10.60430
  13.86938
  15.78277
  15.67608
  13.58656
  10.24416
   6.81646
   4.50087
   4.10628
   5.77054
   8.91227
  12.43397
  15.10542
  15.99340
  14.78771
  11.90954
   8.36431
   5.39047
   4.02688
   4.74986
   7.30688
  10.80467
  14.02138
  15.83329
  15.60748
  13.42281
  10.04245
   6.64727
   4.42329
   4.14742
   5.91602
   9.11128
  12.61699
  15.20851
  15.98055
  14.66341
  11.71721
   8.17114
   0.14984
  10.09244
  22.95596
  38.37770
  55.09358
  68.98193
  80.24268
  87.41098
  91.80179
  95.75336
 100.97568
 110.14978
 121.35142
 136.09754
 151.75369
 167.48398
 179.56316
 188.22918
 194.18424
 198.44492
 202.85801
 210.51804
 219.89870
 233.79062
 249.26757
 265.11701
 278.53941
 289.79424
 296.89374
 301.35313
 305.57869
 310.55926
 318.86427
 330.90696
 346.38255
 362.57747
 377.58742
 389.69383
 398.47113
 403.70017
 407.94031
 412.57674
 419.98955
 430.30941
 443.86095
 459.42459
 475.19463
 488.97042
 499.52825
 505.80703
 511.19992
 515.26148
 520.89037
 529.88637
 542.24928
 557.01786
 572.37823
 587.69429
 599.62010
 608.86038
 613.80867
 617.49657
 622.75211
 629.61525
 639.69065
 653.93771
 670.14712
 685.98750
 699.07638
 709.72592
 715.99327
 721.13743
 724.11521
 730.61965
 740.10158
 752.28478
 766.99361
 783.35249
 798.27856
 809.58591
 818.35222
 823.86989
 827.36201
 832.29945
 839.59216
 850.37622
 864.85115
 880.48248
 896.12137
 909.65766
 919.00659
 925.98046
 930.53161
 934.61480
 940.72490
 949.51413
 961.54090
 977.44962
 992.74945
1008.32441
1019.70328
   0.00000
   5.00000
  14.51714
  26.97345
  39.76423
  50.16794
  56.29690
  57.75674
  55.78413
  52.81481
  51.63270
  54.39737
  61.88970
  73.23905
  86.22739
  98.06418
 106.36113
 109.96652
 109.36752
 106.52003
 104.16540
 104.87282
 110.14180
 119.87839
 132.42796
 145.15322
 155.35552
 161.21755
 162.43818
 160.33764
 157.39636
 156.38847
 159.41268
 167.15920
 178.66859
 191.66693
 203.36017
 211.41018
 214.75149
 213.96353
 211.06820
 208.82358
 209.76040
 215.29807
 225.24875
 237.88303
 250.53404
 260.52905
 266.12318
 267.10886
 264.88843
 261.98417
 261.15729
 264.44327
 272.44087
 284.10295
 297.10224
 308.64437
 316.44398
 319.52309
 318.55272
 315.61848
 313.49205
 314.66288
 320.46862
 330.62779
 343.33816
 355.90626
 365.68834
 371.01389
 371.76917
 369.43700
 366.57871
 365.93942
 369.48911
 377.73441
 389.54163
 402.53283
 413.91645
 421.46250
 424.28158
 423.13554
 420.17138
 418.17120
 419.58037
 425.65326
 436.01510
 448.79282
 461.26946
 470.83320
 475.88980
 476.41949
 473.98387
 471.18043
 470.73512
 474.55015
 483.03947
 494.98416
 507.95822
 519.17611
 526.46572
   5.00000
   9.51714
  12.45631
  12.79078
  10.40371
   6.12896
   1.45984
  -1.97261
  -2.96932
  -1.18212
   2.76468
   7.49233
  11.34934
  12.98835
  11.83679
   8.29695
   3.60539
  -0.59900
  -2.84749
  -2.35463
   0.70742
   5.26898
   9.73659
  12.54957
  12.72526
  10.20230
   5.86203
   1.22062
  -2.10054
  -2.94128
  -1.00790
   3.02421
   7.74652
  11.50939
  12.99834
  11.69325
   8.05000
   3.34131
  -0.78796
  -2.89532
  -2.24463
   0.93683
   5.53766
   9.95068
  12.63428
  12.65101
   9.99502
   5.59412
   0.98569
  -2.22044
  -2.90425
  -0.82689
   3.28598
   7.99760
  11.66208
  12.99929
  11.54213
   7.79961
   3.07911
  -0.97037
  -2.93423
  -2.12643
   1.17083
   5.80574
  10.15917
  12.71036
  12.56810
   9.78208
   5.32555
   0.75529
  -2.33217
  -2.85829
  -0.63929
   3.54969
   8.24530
  11.80723
  12.99120
  11.38362
   7.54605
   2.81908
  -1.14604
  -2.96416
  -2.00018
   1.40917
   6.07290
  10.36183
  12.77773
  12.47664
   9.56374
   5.05660
   0.52969
  -2.43562
  -2.80345
  -0.44531
   3.81503
   8.48932
  11.94468
  12.97407
  11.21789
   7.28961
   2.56152
  -0.53253
   4.89735
  15.36887
  27.68354
  39.29753
  50.20769
  56.14425
  58.75134
  55.49064
  52.93790
  50.80681
  55.07026
  61.78146
  73.72378
  86.46750
  98.62826
 106.35246
 109.62643
 110.07031
 106.30702
 103.35493
 104.85774
 110.23682
 119.57179
 132.06786
 145.31360
 155.46683
 160.85789
 162.38972
 160.02427
 156.95857
 155.99116
 159.11837
 166.84841
 178.88363
 191.61231
 203.34744
 211.20975
 214.19530
 214.03217
 211.51232
 208.76271
 210.22552
 214.92338
 225.82040
 237.97260
 250.84632
 260.53423
 265.97524
 267.05774
 265.27063
 261.47368
 261.49803
 264.17442
 272.02843
 284.01763
 296.63853
 309.19150
 316.40495
 319.25998
 317.85999
 316.14564
 313.71001
 314.99760
 320.06562
 330.30823
 343.51426
 355.41005
 365.50486
 370.78718
 371.70143
 369.67469
 367.42649
 365.37100
 370.64133
 377.99652
 388.76992
 402.59524
 413.62877
 421.76933
 423.74914
 422.11829
 420.75967
 417.93314
 419.28289
 425.67087
 435.98647
 448.46206
 461.29331
 471.35260
 476.59057
 476.32608
 472.97097
 471.66785
 471.11949
 474.33434
 482.93905
 495.44219
 507.82529
 518.74554
 527.49244
