   0.00000
  10.00000
  20.69883
  32.08952
  44.15816
  56.88409
  70.24007
  84.19257
  98.70209
 113.72358
 129.20687
 145.09717
 161.33562
 177.85989
 194.60480
 211.50295
 228.48541
 245.48243
 262.42408
 279.24101
 295.86512
 312.23020
 328.27266
 343.93214
 359.15207
 373.88032
 388.06962
 401.67813
 414.66979
 427.01471
 438.68945
 449.67729
 459.96836
 469.55974
 478.45552
 486.66673
 494.21125
 501.11360
 507.40475
 513.12175
 518.30738
 523.00977
 527.28183
 531.18080
 534.76763
 538.10642
 541.26371
 544.30787
 547.30841
 550.33526
 553.45809
 556.74562
 560.26492
 564.08073
 568.25486
 572.84551
 577.90673
 583.48786
 589.63306
 596.38085
 603.76371
 611.80780
 620.53266
 629.95104
 640.06874
 650.88458
 662.39042
 674.57121
 687.40516
 700.86395
 714.91303
 729.51194
 744.61472
 760.17040
 776.12345
 792.41441
 808.98041
 825.75585
 842.67302
 859.66283
 876.65542
 893.58092
 910.37015
 926.95527
 943.27047
 959.25266
 974.84207
 989.98285
1004.62364
1018.71806
1032.22520
1045.11003
1057.34372
1068.90395
1079.77513
1089.94856
1099.42250
1108.20221
1116.29989
1123.73454
1130.53178
  10.00000
  10.69883
  11.39069
  12.06864
  12.72593
  13.35598
  13.95250
  14.50952
  15.02149
  15.48329
  15.89030
  16.23845
  16.52427
  16.74491
  16.89815
  16.98246
  16.99702
  16.94165
  16.81693
  16.62410
  16.36508
  16.04247
  15.65947
  15.21994
  14.72824
  14.18931
  13.60851
  12.99166
  12.34492
  11.67475
  10.98784
  10.29106
   9.59138
   8.89578
   8.21121
   7.54452
   6.90236
   6.29115
   5.71699
   5.18564
   4.70238
   4.27206
   3.89897
   3.58684
   3.33879
   3.15729
   3.04416
   3.00054
   3.02685
   3.12283
   3.28753
   3.51930
   3.81582
   4.17413
   4.59065
   5.06122
   5.58113
   6.14520
   6.74778
   7.38286
   8.04409
   8.72486
   9.41837
  10.11770
  10.81584
  11.50584
  12.18079
  12.83395
  13.45879
  14.04908
  14.59891
  15.10278
  15.55568
  15.95306
  16.29096
  16.56600
  16.77544
  16.91718
  16.98980
  16.99259
  16.92551
  16.78923
  16.58511
  16.31520
  15.98219
  15.58941
  15.14078
  14.64078
  14.09442
  13.50715
  12.88483
  12.23369
  11.56023
  10.87118
  10.17343
   9.47394
   8.77971
   8.09768
   7.43465
   6.79725
   6.19185
   0.30016
   9.83982
  20.27734
  32.98811
  44.68499
  56.88544
  70.30786
  84.40961
  98.87832
 113.60981
 128.96204
 145.50201
 161.39725
 177.49589
 194.50525
 211.61314
 228.56937
 245.35422
 262.56019
 279.11284
 295.67762
 312.52582
 328.66050
 344.33156
 358.60192
 373.40118
 388.02260
 401.85715
 414.52923
 426.32895
 437.97308
 449.28923
 460.14121
 469.94017
 478.46314
 486.65607
 494.41025
 501.36657
 507.73152
 513.37020
 517.88168
 523.33061
 527.61027
 530.65956
 535.30168
 537.95153
 541.12923
 544.17845
 547.89697
 550.27404
 554.04475
 556.87976
 560.48804
 564.31388
 568.26730
 572.72196
 578.43639
 583.68676
 589.50348
 596.64802
 603.39591
 612.07702
 620.89390
 629.53569
 640.23936
 650.86441
 662.34194
 674.82166
 687.01389
 700.42820
 714.73070
 729.07912
 744.31310
 760.71697
 775.93725
 792.37923
 808.97962
 826.29355
 842.65165
 859.27514
 876.74292
 893.23481
 910.94550
 926.96679
 943.30282
 959.44451
 975.16413
 989.80214
1004.64480
1018.94071
1032.01831
1045.05542
1057.61914
1068.89630
1079.61368
1089.48777
1099.71174
1107.76671
1116.36356
1123.54123
1130.57080
   0.00000
   5.00000
  10.99335
  17.94044
  25.76365
  34.35043
  43.55779
  53.21798
  63.14523
  73.14310
  83.01234
  92.55882
 101.60131
 109.97862
 117.55613
 124.23107
 129.93667
 134.64480
 138.36709
 141.15449
 143.09520
 144.31119
 144.95331
 145.19530
 145.22684
 145.24602
 145.45140
 146.03413
 147.17030
 149.01397
 151.69096
 155.29388
 159.87844
 165.46118
 172.01889
 179.48946
 187.77439
 196.74273
 206.23627
 216.07587
 226.06858
 236.01537
 245.71903
 254.99202
 263.66401
 271.58859
 278.64919
 284.76364
 289.88751
 294.01588
 297.18348
 299.46338
 300.96400
 301.82487
 302.21099
 302.30631
 302.30636
 302.41047
 302.81383
 303.69969
 305.23206
 307.54920
 310.75805
 314.93003
 320.09815
 326.25569
 333.35653
 341.31690
 350.01878
 359.31459
 369.03306
 378.98610
 388.97623
 398.80452
 408.27848
 417.21974
 425.47118
 432.90317
 439.41876
 444.95753
 449.49800
 453.05848
 455.69637
 457.50584
 458.61408
 459.17624
 459.36926
 459.38475
 459.42146
 459.67724
 460.34122
 461.58629
 463.56212
 466.38930
 470.15443
 474.90675
 480.65614
 487.37271
 494.98804
 503.39786
 512.46623
   5.00000
   5.99335
   6.94709
   7.82321
   8.58678
   9.20735
   9.66020
   9.92725
   9.99787
   9.86924
   9.54649
   9.04248
   8.37732
   7.57751
   6.67494
   5.70560
   4.70813
   3.72229
   2.78740
   1.94071
   1.21599
   0.64212
   0.24199
   0.03154
   0.01918
   0.20538
   0.58273
   1.13618
   1.84367
   2.67699
   3.60292
   4.58455
   5.58275
   6.55771
   7.47057
   8.28493
   8.96834
   9.49354
   9.83960
   9.99272
   9.94679
   9.70365
   9.27299
   8.67199
   7.92459
   7.06059
   6.11445
   5.12388
   4.12837
   3.16760
   2.27989
   1.50063
   0.86087
   0.38612
   0.09532
   0.00005
   0.10411
   0.40336
   0.88586
   1.53237
   2.31714
   3.20885
   4.17198
   5.16812
   6.15755
   7.10084
   7.96037
   8.70188
   9.29581
   9.71848
   9.95304
   9.99013
   9.82829
   9.47396
   8.94126
   8.25144
   7.43199
   6.51559
   5.53877
   4.54047
   3.56048
   2.63789
   1.80947
   1.10824
   0.56216
   0.19301
   0.01550
   0.03670
   0.25578
   0.66399
   1.24506
   1.97584
   2.82717
   3.76513
   4.75232
   5.74939
   6.71657
   7.61533
   8.40982
   9.06837
   9.56473
   9.68384
  10.77319
  11.79319
  11.85892
  12.88621
  13.58295
  13.79230
  14.19661
  15.26049
  15.44357
  16.28115
  17.07236
  16.21789
  17.27375
  17.23184
  16.87206
  18.07701
  17.36520
  15.87679
  16.37456
  16.34051
  16.02524
  15.59194
  14.31691
  14.70195
  14.14673
  13.86142
  13.00672
  12.15832
  11.46610
  11.22183
   9.96236
   9.57679
   8.61303
   7.48542
   7.75088
   6.51243
   5.24011
   5.63029
   5.17343
   4.37449
   3.84371
   4.60116
   3.42287
   3.65646
   3.67302
   2.80881
   2.63599
   3.71533
   3.41868
   3.55933
   3.22978
   3.64065
   4.24946
   4.80300
   4.80684
   5.72614
   6.40451
   6.37825
   7.49541
   7.81371
   9.27846
   8.85194
  10.74730
  11.55714
  11.95016
  12.21965
  13.27215
  13.51475
  14.43365
  13.68309
  15.34544
  15.59967
  15.20254
  15.95271
  17.12771
  17.11315
  17.35120
  16.69082
  16.81283
  16.43379
  16.27864
  17.10106
  15.81866
  15.99392
  15.56065
  15.87988
  15.05392
  14.50691
  13.75988
  13.22412
  12.08042
  10.94681
  11.28420
   9.83058
   9.39716
   8.72251
   8.26065
   6.49316
   6.63566
   6.69704
