   0.00000
  10.00000
  20.39734
  31.17618
  42.30546
  53.74017
  65.42311
  77.28719
  89.25809
 101.25724
 113.20493
 125.02353
 136.64052
 147.99145
 159.02245
 169.69243
 179.97467
 189.85792
 199.34684
 208.46180
 217.23808
 225.72448
 233.98132
 242.07812
 250.09074
 258.09841
 266.18056
 274.41365
 282.86812
 291.60559
 300.67638
 310.11755
 319.95137
 330.18447
 340.80756
 351.79578
 363.10976
 374.69709
 386.49451
 398.43035
 410.42743
 422.40615
 434.28761
 445.99681
 457.46560
 468.63544
 479.45967
 489.90545
 499.95500
 509.60635
 518.87339
 527.78535
 536.38560
 544.72995
 552.88440
 560.92253
 568.92254
 576.96419
 585.12553
 593.47988
 602.09282
 611.01968
 620.30322
 629.97201
 640.03926
 650.50228
 661.34261
 672.52676
 684.00751
 695.72583
 707.61323
 719.59444
 731.59049
 743.52181
 755.31139
 766.88790
 778.18847
 789.16127
 799.76751
 809.98301
 819.79920
 829.22339
 838.27855
 847.00234
 855.44563
 863.67050
 871.74770
 879.75390
 887.76858
 895.87089
 904.13649
 912.63452
 921.42485
 930.55572
 940.06177
 949.96270
 960.26245
 970.94908
 981.99522
 993.35914
1004.98649
  10.00000
  10.39734
  10.77884
  11.12928
  11.43471
  11.68294
  11.86408
  11.97090
  11.99915
  11.94770
  11.81859
  11.61699
  11.35093
  11.03100
  10.66998
  10.28224
   9.88325
   9.48892
   9.11496
   8.77628
   8.48640
   8.25685
   8.09680
   8.01262
   8.00767
   8.08215
   8.23309
   8.45447
   8.73747
   9.07080
   9.44117
   9.83382
  10.23310
  10.62308
  10.98823
  11.31397
  11.58734
  11.79742
  11.93584
  11.99709
  11.97872
  11.88146
  11.70920
  11.46879
  11.16983
  10.82424
  10.44578
  10.04955
   9.65135
   9.26704
   8.91196
   8.60025
   8.34435
   8.15445
   8.03813
   8.00002
   8.04164
   8.16134
   8.35434
   8.61295
   8.92685
   9.28354
   9.66879
  10.06725
  10.46302
  10.84033
  11.18415
  11.48075
  11.71832
  11.88739
  11.98121
  11.99605
  11.93132
  11.78958
  11.57650
  11.30058
  10.97280
  10.60624
  10.21551
   9.81619
   9.42419
   9.05516
   8.72379
   8.44330
   8.22487
   8.07721
   8.00620
   8.01468
   8.10231
   8.26560
   8.49803
   8.79033
   9.13087
   9.50605
   9.90093
  10.29975
  10.68663
  11.04613
  11.36393
  11.62735
  11.82589
  -0.14879
  10.83029
  20.21747
  31.26807
  42.40800
  53.55664
  65.31933
  77.15136
  89.45885
 100.90925
 113.31788
 125.05891
 136.41031
 148.30412
 159.03783
 169.68854
 180.21028
 190.17761
 199.34818
 208.97132
 217.13173
 225.95118
 233.72876
 242.62837
 250.21452
 258.90981
 265.93739
 274.05040
 282.84535
 291.15979
 300.55313
 310.05397
 320.06980
 330.15592
 341.27156
 351.70042
 362.76442
 374.88187
 386.25888
 398.76683
 409.73620
 422.34658
 434.32852
 446.18549
 457.47482
 468.53289
 479.20223
 490.08274
 499.63466
 509.60859
 519.12599
 527.89718
 535.99681
 544.85152
 553.41823
 560.82832
 569.45551
 577.06347
 585.13252
 592.72048
 602.02013
 611.11198
 620.58518
 630.17834
 639.51346
 651.06633
 661.69907
 672.41625
 684.21948
 695.41923
 707.96713
 719.99522
 731.88175
 743.33570
 755.33763
 766.39084
 778.38164
 789.21294
 799.56272
 809.63371
 819.76588
 829.08314
 838.54084
 847.09241
 855.34180
 863.88180
 871.89217
 879.68223
 888.22627
 896.13753
 904.16886
 912.87903
 922.05342
 930.52232
 940.34819
 949.39597
 959.95989
 970.82425
 982.00405
 993.31136
1005.31434
   0.00000
   5.00000
  14.51714
  26.97345
  39.76423
  50.16794
  56.29690
  57.75674
  55.78413
  52.81481
  51.63270
  54.39737
  61.88970
  73.23905
  86.22739
  98.06418
 106.36113
 109.96652
 109.36752
 106.52003
 104.16540
 104.87282
 110.14180
 119.87839
 132.42796
 145.15322
 155.35552
 161.21755
 162.43818
 160.33764
 157.39636
 156.38847
 159.41268
 167.15920
 178.66859
 191.66693
 203.36017
 211.41018
 214.75149
 213.96353
 211.06820
 208.82358
 209.76040
 215.29807
 225.24875
 237.88303
 250.53404
 260.52905
 266.12318
 267.10886
 264.88843
 261.98417
 261.15729
 264.44327
 272.44087
 284.10295
 297.10224
 308.64437
 316.44398
 319.52309
 318.55272
 315.61848
 313.49205
 314.66288
 320.46862
 330.62779
 343.33816
 355.90626
 365.68834
 371.01389
 371.76917
 369.43700
 366.57871
 365.93942
 369.48911
 377.73441
 389.54163
 402.53283
 413.91645
 421.46250
 424.28158
 423.13554
 420.17138
 418.17120
 419.58037
 425.65326
 436.01510
 448.79282
 461.26946
 470.83320
 475.88980
 476.41949
 473.98387
 471.18043
 470.73512
 474.55015
 483.03947
 494.98416
 507.95822
 519.17611
 526.46572
   5.00000
   9.51714
  12.45631
  12.79078
  10.40371
   6.12896
   1.45984
  -1.97261
  -2.96932
  -1.18212
   2.76468
   7.49233
  11.34934
  12.98835
  11.83679
   8.29695
   3.60539
  -0.59900
  -2.84749
  -2.35463
   0.70742
   5.26898
   9.73659
  12.54957
  12.72526
  10.20230
   5.86203
   1.22062
  -2.10054
  -2.94128
  -1.00790
   3.02421
   7.74652
  11.50939
  12.99834
  11.69325
   8.05000
   3.34131
  -0.78796
  -2.89532
  -2.24463
   0.93683
   5.53766
   9.95068
  12.63428
  12.65101
   9.99502
   5.59412
   0.98569
  -2.22044
  -2.90425
  -0.82689
   3.28598
   7.99760
  11.66208
  12.99929
  11.54213
   7.79961
   3.07911
  -0.97037
  -2.93423
  -2.12643
   1.17083
   5.80574
  10.15917
  12.71036
  12.56810
   9.78208
   5.32555
   0.75529
  -2.33217
  -2.85829
  -0.63929
   3.54969
   8.24530
  11.80723
  12.99120
  11.38362
   7.54605
   2.81908
  -1.14604
  -2.96416
  -2.00018
   1.40917
   6.07290
  10.36183
  12.77773
  12.47664
   9.56374
   5.05660
   0.52969
  -2.43562
  -2.80345
  -0.44531
   3.81503
   8.48932
  11.94468
  12.97407
  11.21789
   7.28961
   2.56152
  -0.25276
   4.61480
  14.16119
  26.37790
  39.95177
  49.05571
  56.52926
  57.86597
  55.76207
  52.70938
  51.74748
  54.65168
  62.32838
  73.14011
  86.31887
  98.26792
 105.51775
 110.23949
 109.72913
 106.39865
 104.73504
 104.54553
 109.62098
 120.10497
 133.41939
 144.84589
 155.17529
 161.04352
 162.85330
 160.28627
 157.42209
 156.56177
 159.10031
 167.41386
 178.73624
 191.26338
 203.48290
 211.54959
 214.69237
 214.96172
 211.98054
 209.38487
 209.32354
 214.87363
 225.70094
 237.53162
 251.62909
 260.98101
 266.40433
 267.05848
 265.07114
 261.16868
 261.91818
 264.17963
 272.82607
 284.06695
 295.99562
 308.27653
 316.83772
 318.41172
 318.11450
 315.24760
 312.83853
 314.11975
 320.62129
 330.44295
 343.98108
 355.96781
 364.92804
 371.37047
 371.94598
 370.01317
 366.29202
 366.13486
 369.04015
 377.85389
 389.10775
 403.04005
 414.15255
 422.45952
 425.03255
 423.13011
 419.93876
 418.38408
 419.61732
 425.34274
 435.60507
 448.24382
 461.36370
 470.58533
 476.48364
 476.07051
 474.14321
 471.45612
 471.03066
 474.76363
 483.60656
 495.55097
 507.67426
 517.93214
 527.01864
