   0.00000
   0.91301
   1.57497
   1.85653
   1.73156
   1.27646
   0.63909
  -0.00994
  -0.52545
  -0.81996
  -0.87301
  -0.71986
  -0.42830
  -0.07389
   0.27886
   0.58627
   0.82680
   0.99696
   1.10497
   1.16468
   1.19095
   1.19698
   1.19301
   1.18613
   1.18060
   1.17836
   1.17957
   1.18318
   1.18754
   1.19100
   1.19266
   1.19284
   1.19325
   1.19636
   1.20400
   1.21529
   1.22495
   1.22310
   1.19772
   1.14000
   1.05095
   0.94647
   0.85730
   0.82205
   0.87430
   1.02819
   1.26847
   1.54971
   1.80594
   1.96748
   1.97903
   1.81294
   1.47388
   0.99477
   0.42662
  -0.17384
  -0.75500
  -1.27770
  -1.71857
  -2.07001
  -2.33833
  -2.54120
  -2.70534
  -2.86485
  -3.06008
  -3.33633
  -3.74158
  -4.32205
  -5.11470
  -6.13624
  -7.36952
  -8.75032
 -10.15927
 -11.42541
 -12.34733
 -12.73349
 -12.45675
 -11.50896
 -10.03529
  -8.32893
  -6.77654
  -5.76307
  -5.56293
  -6.25433
  -7.68916
  -9.53088
 -11.34770
 -12.72824
 -13.38108
 -13.18946
 -12.21212
 -10.64019
  -8.73192
  -6.74822
  -4.90493
  -3.34841
  -2.15214
  -1.32758
  -0.84138
  -0.63271
  -0.62714
   0.00000
   0.22651
   0.82296
   1.61625
   2.39935
   2.98899
   3.27196
   3.22565
   2.90919
   2.43279
   1.91918
   1.47084
   1.15143
   0.98272
   0.95295
   1.03049
   1.17711
   1.35762
   1.54497
   1.72148
   1.87768
   2.01006
   2.11877
   2.20573
   2.27346
   2.32442
   2.36083
   2.38482
   2.39868
   2.40508
   2.40695
   2.40707
   2.40719
   2.40706
   2.40384
   2.39263
   2.36854
   2.33017
   2.28338
   2.24311
   2.23136
   2.27030
   2.37217
   2.52969
   2.71187
   2.86862
   2.94386
   2.89304
   2.69862
   2.37776
   1.97946
   1.57278
   1.23080
   1.01559
   0.96839
   1.10645
   1.42584
   1.90785
   2.52645
   3.25491
   4.07033
   4.95572
   5.89993
   6.89564
   7.93576
   9.00861
  10.09231
  11.14891
  12.11989
  12.92473
  13.46553
  13.63992
  13.36354
  12.59987
  11.39114
   9.87928
   8.30421
   6.97004
   6.17937
   6.14901
   6.93329
   8.38467
  10.17293
  11.86389
  13.03553
  13.39309
  12.84458
  11.51385
   9.69226
   7.75126
   6.04819
   4.85349
   4.31476
   4.45777
   5.21389
   6.45902
   8.05131
   9.85946
  11.77915
  13.73874
  15.69708
   0.00000
   0.48635
   0.98043
   1.47905
   1.97904
   2.47720
   2.97034
   3.45531
   3.92900
   4.38838
   4.83053
   5.25259
   5.65189
   6.02586
   6.37212
   6.68843
   6.97280
   7.22338
   7.43859
   7.61705
   7.75760
   7.85937
   7.92168
   7.94415
   7.92663
   7.86924
   7.77233
   7.63654
   7.46272
   7.25200
   7.00571
   6.72544
   6.41297
   6.07031
   5.69965
   5.30335
   4.88396
   4.44416
   3.98675
   3.51467
   3.03093
   2.53863
   2.04092
   1.54099
   1.04202
   0.54721
   0.05973
  -0.41731
  -0.88085
  -1.32793
  -1.75568
  -2.16139
  -2.54244
  -2.89640
  -3.22100
  -3.51418
  -3.77405
  -3.99895
  -4.18745
  -4.33833
  -4.45064
  -4.52365
  -4.55690
  -4.55018
  -4.50352
  -4.41723
  -4.29185
  -4.12820
  -3.92731
  -3.69048
  -3.41921
  -3.11525
  -2.78053
  -2.41720
  -2.02758
  -1.61416
  -1.17959
  -0.72665
  -0.25824
   0.22265
   0.71295
   1.20951
   1.70916
   2.20871
   2.70495
   3.19472
   3.67488
   4.14236
   4.59417
   5.02741
   5.43933
   5.82728
   6.18878
   6.52152
   6.82338
   7.09241
   7.32690
   7.52535
   7.68650
   7.80930
   7.89297
   0.13879
   0.58767
   1.63756
   1.97777
   1.39374
   1.28876
   0.69564
  -0.23666
  -0.19553
  -0.96433
  -1.25519
  -0.23571
  -0.59921
  -0.33551
   0.76398
   1.41384
   1.72589
   1.01016
   0.80731
   1.38635
   1.20188
   1.19956
   1.21458
   0.82313
   0.42678
   1.32985
   1.02514
   0.86551
   0.57429
   1.14125
   0.83384
   1.24748
   1.53306
   1.82551
   1.50978
   1.32460
   0.98905
   1.26309
   1.46683
   1.41227
   0.98258
   1.13689
   1.06425
   1.02649
   0.86668
   0.95449
   1.21890
   1.85259
   1.51971
   2.20982
   2.13323
   1.28513
   1.33670
   0.82236
   0.51643
  -0.66566
  -1.13790
  -0.47344
  -1.58612
  -1.81577
  -2.67881
  -2.67789
  -2.52080
  -2.83778
  -3.75872
  -3.80912
  -3.58579
  -4.83274
  -5.38465
  -6.84321
  -7.40030
  -9.48073
 -10.00235
 -11.18671
 -12.29686
 -12.54008
 -12.31180
 -11.68222
  -9.79266
  -8.05782
  -7.41766
  -5.46342
  -5.32568
  -6.54560
  -7.37433
  -9.87922
 -11.37018
 -13.68595
 -13.36155
 -12.76744
 -12.32870
 -10.55383
  -8.32948
  -6.60385
  -5.12873
  -3.92532
  -1.95539
  -1.19455
  -1.03438
  -0.49933
  -0.03054
   0.04976
   0.57918
   0.74217
   1.72201
   2.33047
   3.01711
   3.85334
   3.91036
   2.48904
   1.97924
   2.18295
   1.03588
   0.84434
   0.71310
   1.15512
   1.19495
   2.16597
   1.44448
   1.18827
   1.87685
   1.59918
   2.04300
   2.61809
   2.44690
   2.26104
   3.35903
   2.58324
   2.95396
   2.94680
   3.07971
   2.71012
   2.48266
   2.76609
   2.17451
   2.78705
   2.66267
   2.26442
   2.60501
   2.94231
   2.99895
   2.14100
   1.61266
   2.22197
   3.28241
   2.76841
   2.89036
   2.47218
   2.46799
   3.31176
   2.27664
   1.96266
   1.46299
   0.37664
   1.07955
   1.18990
   1.05230
   1.22556
   2.04643
   3.29360
   2.99286
   3.90525
   5.38145
   6.70155
   7.91636
   8.25718
   8.43537
  10.17320
  10.84008
  12.97280
  13.00474
  14.10581
  13.21091
  14.26277
  12.78229
  11.36660
  10.59151
   9.02121
   6.45246
   4.84243
   6.15399
   6.06303
   7.65129
  10.41946
  11.87215
  13.22858
  13.25511
  12.97602
  11.89757
   9.12076
   7.59319
   5.95271
   4.99994
   4.04842
   3.75496
   5.49725
   6.46127
   7.79041
   9.31348
  11.33695
  13.50205
  15.23822
   0.25953
   0.64647
   0.23236
   0.43568
   2.44740
   2.66076
   3.87102
   4.05015
   3.86611
   4.20176
   4.39952
   6.29486
   5.53783
   5.88428
   5.65011
   7.01032
   6.61307
   6.36479
   6.84727
   7.27913
   7.29680
   8.92185
   7.56202
   8.17248
   7.83415
   7.87287
   6.94574
   7.86357
   7.57550
   6.99202
   7.06012
   5.89043
   5.20878
   4.83633
   5.49372
   5.43720
   5.00051
   4.24704
   3.82657
   2.60971
   2.40594
   2.03470
   2.33407
   1.68969
   0.91106
   0.13553
  -0.29689
  -0.72279
  -0.99193
  -2.66961
  -1.69748
  -2.12094
  -2.50364
  -2.36999
  -2.49592
  -3.18396
  -4.55079
  -4.06648
  -4.55617
  -3.52763
  -4.63401
  -5.33302
  -4.32641
  -4.77865
  -5.64808
  -4.90763
  -4.04331
  -3.59506
  -4.25619
  -3.31722
  -3.99705
  -2.57887
  -4.19876
  -2.56427
  -1.18796
  -1.20890
  -1.46126
  -0.37529
   0.33277
  -0.22935
   0.95722
   1.67410
   1.24754
   2.07197
   2.54366
   2.99773
   4.26348
   4.38115
   4.88735
   5.51716
   4.72787
   5.68152
   6.26448
   6.48598
   7.12399
   6.83523
   6.04743
   7.45868
   6.44078
   8.14242
   7.64007
   1.00000
   0.95002
   0.90017
   0.85056
   0.80133
   0.75260
   0.70448
   0.65710
   0.61058
   0.56503
   0.52057
   0.47731
   0.43536
   0.39481
   0.35578
   0.31836
   0.28264
   0.24872
   0.21667
   0.18658
   0.15853
   0.13258
   0.10879
   0.08724
   0.06796
   0.05102
   0.03644
   0.02428
   0.01455
   0.00729
   0.00251
   0.00022
   0.00043
   0.00313
   0.00834
   0.01601
   0.02615
   0.03872
   0.05370
   0.07104
   0.09070
   0.11264
   0.13679
   0.16310
   0.19150
   0.22193
   0.25429
   0.28853
   0.32454
   0.36224
   0.40153
   0.44232
   0.48450
   0.52797
   0.57262
   0.61834
   0.66501
   0.71252
   0.76075
   0.80958
   0.85888
   0.90854
   0.95842
   1.00841
   1.05837
   1.10820
   1.15775
   1.20690
   1.25554
   1.30354
   1.35078
   1.39715
   1.44252
   1.48679
   1.52984
   1.57156
   1.61186
   1.65063
   1.68777
   1.72319
   1.75680
   1.78853
   1.81828
   1.84598
   1.87158
   1.89499
   1.91617
   1.93505
   1.95160
   1.96577
   1.97753
   1.98684
   1.99369
   1.99805
   1.99992
   1.99929
   1.99616
   1.99055
   1.98245
   1.97190
   1.95892
   0.47553
   0.48635
   0.49407
   0.49863
   0.49999
   0.49816
   0.49314
   0.48497
   0.47369
   0.45939
   0.44214
   0.42207
   0.39930
   0.37397
   0.34625
   0.31632
   0.28436
   0.25059
   0.21521
   0.17845
   0.14056
   0.10176
   0.06232
   0.02247
  -0.01752
  -0.05740
  -0.09691
  -0.13579
  -0.17382
  -0.21073
  -0.24629
  -0.28027
  -0.31247
  -0.34266
  -0.37066
  -0.39629
  -0.41939
  -0.43981
  -0.45741
  -0.47208
  -0.48374
  -0.49230
  -0.49771
  -0.49994
  -0.49897
  -0.49481
  -0.48748
  -0.47704
  -0.46354
  -0.44708
  -0.42776
  -0.40570
  -0.38105
  -0.35396
  -0.32461
  -0.29318
  -0.25987
  -0.22490
  -0.18850
  -0.15088
  -0.11231
  -0.07301
  -0.03325
   0.00673
   0.04666
   0.08629
   0.12537
   0.16365
   0.20089
   0.23683
   0.27127
   0.30397
   0.33472
   0.36333
   0.38962
   0.41342
   0.43457
   0.45294
   0.46841
   0.48089
   0.49030
   0.49656
   0.49965
   0.49955
   0.49624
   0.48977
   0.48016
   0.46748
   0.45181
   0.43325
   0.41192
   0.38795
   0.36150
   0.33274
   0.30185
   0.26903
   0.23449
   0.19845
   0.16114
   0.12280
   0.08367
