   0.00000
   0.91301
   1.57497
   1.85653
   1.73156
   1.27646
   0.63909
  -0.00994
  -0.52545
  -0.81996
  -0.87301
  -0.71986
  -0.42830
  -0.07389
   0.27886
   0.58627
   0.82680
   0.99696
   1.10497
   1.16468
   1.19095
   1.19698
   1.19301
   1.18613
   1.18060
   1.17836
   1.17957
   1.18318
   1.18754
   1.19100
   1.19266
   1.19284
   1.19325
   1.19636
   1.20400
   1.21529
   1.22495
   1.22310
   1.19772
   1.14000
   1.05095
   0.94647
   0.85730
   0.82205
   0.87430
   1.02819
   1.26847
   1.54971
   1.80594
   1.96748
   1.97903
   1.81294
   1.47388
   0.99477
   0.42662
  -0.17384
  -0.75500
  -1.27770
  -1.71857
  -2.07001
  -2.33833
  -2.54120
  -2.70534
  -2.86485
  -3.06008
  -3.33633
  -3.74158
  -4.32205
  -5.11470
  -6.13624
  -7.36952
  -8.75032
 -10.15927
 -11.42541
 -12.34733
 -12.73349
 -12.45675
 -11.50896
 -10.03529
  -8.32893
  -6.77654
  -5.76307
  -5.56293
  -6.25433
  -7.68916
  -9.53088
 -11.34770
 -12.72824
 -13.38108
 -13.18946
 -12.21212
 -10.64019
  -8.73192
  -6.74822
  -4.90493
  -3.34841
  -2.15214
  -1.32758
  -0.84138
  -0.63271
  -0.62714
   0.00000
   0.22651
   0.82296
   1.61625
   2.39935
   2.98899
   3.27196
   3.22565
   2.90919
   2.43279
   1.91918
   1.47084
   1.15143
   0.98272
   0.95295
   1.03049
   1.17711
   1.35762
   1.54497
   1.72148
   1.87768
   2.01006
   2.11877
   2.20573
   2.27346
   2.32442
   2.36083
   2.38482
   2.39868
   2.40508
   2.40695
   2.40707
   2.40719
   2.40706
   2.40384
   2.39263
   2.36854
   2.33017
   2.28338
   2.24311
   2.23136
   2.27030
   2.37217
   2.52969
   2.71187
   2.86862
   2.94386
   2.89304
   2.69862
   2.37776
   1.97946
   1.57278
   1.23080
   1.01559
   0.96839
   1.10645
   1.42584
   1.90785
   2.52645
   3.25491
   4.07033
   4.95572
   5.89993
   6.89564
   7.93576
   9.00861
  10.09231
  11.14891
  12.11989
  12.92473
  13.46553
  13.63992
  13.36354
  12.59987
  11.39114
   9.87928
   8.30421
   6.97004
   6.17937
   6.14901
   6.93329
   8.38467
  10.17293
  11.86389
  13.03553
  13.39309
  12.84458
  11.51385
   9.69226
   7.75126
   6.04819
   4.85349
   4.31476
   4.45777
   5.21389
   6.45902
   8.05131
   9.85946
  11.77915
  13.73874
  15.69708
   0.00000
   0.48635
   0.98043
   1.47905
   1.97904
   2.47720
   2.97034
   3.45531
   3.92900
   4.38838
   4.83053
   5.25259
   5.65189
   6.02586
   6.37212
   6.68843
   6.97280
   7.22338
   7.43859
   7.61705
   7.75760
   7.85937
   7.92168
   7.94415
   7.92663
   7.86924
   7.77233
   7.63654
   7.46272
   7.25200
   7.00571
   6.72544
   6.41297
   6.07031
   5.69965
   5.30335
   4.88396
   4.44416
   3.98675
   3.51467
   3.03093
   2.53863
   2.04092
   1.54099
   1.04202
   0.54721
   0.05973
  -0.41731
  -0.88085
  -1.32793
  -1.75568
  -2.16139
  -2.54244
  -2.89640
  -3.22100
  -3.51418
  -3.77405
  -3.99895
  -4.18745
  -4.33833
  -4.45064
  -4.52365
  -4.55690
  -4.55018
  -4.50352
  -4.41723
  -4.29185
  -4.12820
  -3.92731
  -3.69048
  -3.41921
  -3.11525
  -2.78053
  -2.41720
  -2.02758
  -1.61416
  -1.17959
  -0.72665
  -0.25824
   0.22265
   0.71295
   1.20951
   1.70916
   2.20871
   2.70495
   3.19472
   3.67488
   4.14236
   4.59417
   5.02741
   5.43933
   5.82728
   6.18878
   6.52152
   6.82338
   7.09241
   7.32690
   7.52535
   7.68650
   7.80930
   7.89297
   1.00000
   0.83986
   0.50110
   0.07793
  -0.31813
  -0.59251
  -0.69417
  -0.62503
  -0.43088
  -0.17989
   0.06136
   0.24549
   0.35145
   0.38181
   0.35438
   0.29258
   0.21806
   0.14665
   0.08744
   0.04380
   0.01525
  -0.00071
  -0.00736
  -0.00786
  -0.00493
  -0.00078
   0.00297
   0.00524
   0.00555
   0.00413
   0.00188
   0.00020
   0.00042
   0.00306
   0.00696
   0.00892
   0.00447
  -0.01026
  -0.03564
  -0.06615
  -0.09015
  -0.09278
  -0.06197
   0.00486
   0.09661
   0.18952
   0.25384
   0.26377
   0.20657
   0.08711
  -0.07382
  -0.24630
  -0.40010
  -0.51218
  -0.57082
  -0.57591
  -0.53638
  -0.46630
  -0.38126
  -0.29581
  -0.22225
  -0.17046
  -0.14842
  -0.16286
  -0.21946
  -0.32237
  -0.47265
  -0.66563
  -0.88751
  -1.11206
  -1.29906
  -1.39666
  -1.34951
  -1.11345
  -0.67475
  -0.06813
   0.61460
   1.23368
   1.63180
   1.68065
   1.32891
   0.63220
  -0.25079
  -1.09932
  -1.69598
  -1.89232
  -1.65009
  -1.04427
  -0.23019
   0.60908
   1.31424
   1.78391
   1.98481
   1.94157
   1.71515
   1.37963
   1.00409
   0.64244
   0.33048
   0.08808
  -0.07636
   0.00000
   0.44405
   0.74780
   0.84698
   0.73548
   0.46404
   0.12005
  -0.20278
  -0.43261
  -0.53563
  -0.51695
  -0.40934
  -0.25694
  -0.10048
   0.03160
   0.12551
   0.17983
   0.20088
   0.19825
   0.18137
   0.15779
   0.13257
   0.10854
   0.08688
   0.06778
   0.05101
   0.03632
   0.02370
   0.01345
   0.00601
   0.00166
   0.00009
   0.00006
  -0.00066
  -0.00459
  -0.01330
  -0.02577
  -0.03734
  -0.04017
  -0.02589
   0.01002
   0.06387
   0.12195
   0.16303
   0.16535
   0.11547
   0.01518
  -0.11694
  -0.25031
  -0.35160
  -0.39468
  -0.36739
  -0.27323
  -0.12816
   0.04542
   0.22509
   0.39311
   0.53875
   0.65832
   0.75360
   0.82963
   0.89240
   0.94686
   0.99517
   1.03537
   1.06027
   1.05687
   1.00675
   0.88809
   0.68011
   0.37021
  -0.03681
  -0.50960
  -0.98527
  -1.37299
  -1.57008
  -1.49008
  -1.09663
  -0.43102
   0.38051
   1.14907
   1.67306
   1.80090
   1.48295
   0.79149
  -0.10063
  -0.97411
  -1.62909
  -1.93798
  -1.86903
  -1.47763
  -0.87476
  -0.18793
   0.47172
   1.02856
   1.44699
   1.72525
   1.88403
   1.95471
   1.96993
   1.95744
   0.47553
   0.48635
   0.49407
   0.49863
   0.49999
   0.49816
   0.49314
   0.48497
   0.47369
   0.45939
   0.44214
   0.42207
   0.39930
   0.37397
   0.34625
   0.31632
   0.28436
   0.25059
   0.21521
   0.17845
   0.14056
   0.10176
   0.06232
   0.02247
  -0.01752
  -0.05740
  -0.09691
  -0.13579
  -0.17382
  -0.21073
  -0.24629
  -0.28027
  -0.31247
  -0.34266
  -0.37066
  -0.39629
  -0.41939
  -0.43981
  -0.45741
  -0.47208
  -0.48374
  -0.49230
  -0.49771
  -0.49994
  -0.49897
  -0.49481
  -0.48748
  -0.47704
  -0.46354
  -0.44708
  -0.42776
  -0.40570
  -0.38105
  -0.35396
  -0.32461
  -0.29318
  -0.25987
  -0.22490
  -0.18850
  -0.15088
  -0.11231
  -0.07301
  -0.03325
   0.00673
   0.04666
   0.08629
   0.12537
   0.16365
   0.20089
   0.23683
   0.27127
   0.30397
   0.33472
   0.36333
   0.38962
   0.41342
   0.43457
   0.45294
   0.46841
   0.48089
   0.49030
   0.49656
   0.49965
   0.49955
   0.49624
   0.48977
   0.48016
   0.46748
   0.45181
   0.43325
   0.41192
   0.38795
   0.36150
   0.33274
   0.30185
   0.26903
   0.23449
   0.19845
   0.16114
   0.12280
   0.08367
   1.00000
   0.95002
   0.90017
   0.85056
   0.80133
   0.75260
   0.70448
   0.65710
   0.61058
   0.56503
   0.52057
   0.47731
   0.43536
   0.39481
   0.35578
   0.31836
   0.28264
   0.24872
   0.21667
   0.18658
   0.15853
   0.13258
   0.10879
   0.08724
   0.06796
   0.05102
   0.03644
   0.02428
   0.01455
   0.00729
   0.00251
   0.00022
   0.00043
   0.00313
   0.00834
   0.01601
   0.02615
   0.03872
   0.05370
   0.07104
   0.09070
   0.11264
   0.13679
   0.16310
   0.19150
   0.22193
   0.25429
   0.28853
   0.32454
   0.36224
   0.40153
   0.44232
   0.48450
   0.52797
   0.57262
   0.61834
   0.66501
   0.71252
   0.76075
   0.80958
   0.85888
   0.90854
   0.95842
   1.00841
   1.05837
   1.10820
   1.15775
   1.20690
   1.25554
   1.30354
   1.35078
   1.39715
   1.44252
   1.48679
   1.52984
   1.57156
   1.61186
   1.65063
   1.68777
   1.72319
   1.75680
   1.78853
   1.81828
   1.84598
   1.87158
   1.89499
   1.91617
   1.93505
   1.95160
   1.96577
   1.97753
   1.98684
   1.99369
   1.99805
   1.99992
   1.99929
   1.99616
   1.99055
   1.98245
   1.97190
   1.95892
   0.47553
   0.48635
   0.49407
   0.49863
   0.49999
   0.49816
   0.49314
   0.48497
   0.47369
   0.45939
   0.44214
   0.42207
   0.39930
   0.37397
   0.34625
   0.31632
   0.28436
   0.25059
   0.21521
   0.17845
   0.14056
   0.10176
   0.06232
   0.02247
  -0.01752
  -0.05740
  -0.09691
  -0.13579
  -0.17382
  -0.21073
  -0.24629
  -0.28027
  -0.31247
  -0.34266
  -0.37066
  -0.39629
  -0.41939
  -0.43981
  -0.45741
  -0.47208
  -0.48374
  -0.49230
  -0.49771
  -0.49994
  -0.49897
  -0.49481
  -0.48748
  -0.47704
  -0.46354
  -0.44708
  -0.42776
  -0.40570
  -0.38105
  -0.35396
  -0.32461
  -0.29318
  -0.25987
  -0.22490
  -0.18850
  -0.15088
  -0.11231
  -0.07301
  -0.03325
   0.00673
   0.04666
   0.08629
   0.12537
   0.16365
   0.20089
   0.23683
   0.27127
   0.30397
   0.33472
   0.36333
   0.38962
   0.41342
   0.43457
   0.45294
   0.46841
   0.48089
   0.49030
   0.49656
   0.49965
   0.49955
   0.49624
   0.48977
   0.48016
   0.46748
   0.45181
   0.43325
   0.41192
   0.38795
   0.36150
   0.33274
   0.30185
   0.26903
   0.23449
   0.19845
   0.16114
   0.12280
   0.08367
   0.10820
   0.33335
   0.88920
   1.59877
   2.05290
   2.57975
   2.78196
   3.57922
   3.89665
   4.51652
   4.54746
   5.24850
   5.55033
   5.82222
   6.07576
   6.64957
   6.85620
   7.37724
   7.27944
   7.53619
   7.99060
   7.73553
   8.05600
   7.80074
   7.93645
   8.03908
   7.78259
   7.66626
   7.49387
   7.26798
   7.03484
   6.58531
   6.41237
   6.03154
   5.66075
   5.42327
   5.12680
   4.67774
   3.90471
   3.61839
   2.83655
   2.59704
   2.02388
   1.26341
   0.91762
   0.66774
  -0.19686
  -0.40677
  -0.85725
  -1.34703
  -1.57119
  -2.15330
  -2.79256
  -2.81328
  -3.16762
  -3.80219
  -3.65299
  -4.07697
  -4.07903
  -4.40022
  -4.31055
  -4.79120
  -4.34685
  -4.55106
  -4.60600
  -4.54414
  -4.21281
  -4.16743
  -4.02542
  -3.39669
  -3.54652
  -3.06913
  -2.73831
  -2.44642
  -1.92896
  -1.67493
  -1.20575
  -0.56063
  -0.23140
   0.15313
   0.88724
   1.20125
   1.65400
   2.32471
   2.75233
   3.05882
   3.65997
   3.95594
   4.62268
   5.20245
   5.20552
   5.82690
   6.42384
   6.58608
   6.92664
   7.09897
   7.20544
   7.35955
   7.63287
   7.92127
   7.77563
   0.99739
   0.90814
   0.78192
   0.77815
   0.95322
   0.73745
   0.55274
   0.57465
   0.75873
   0.44999
   0.46542
   0.45237
   0.37019
   0.26649
   0.29114
   0.46528
   0.18748
   0.06551
   0.22369
   0.47017
   0.48131
   0.23260
   0.17809
   0.20454
  -0.01925
   0.12143
   0.00484
   0.07914
  -0.06803
  -0.07228
  -0.20751
  -0.11863
  -0.04299
  -0.06623
   0.08700
  -0.00929
   0.13379
   0.11611
   0.20741
   0.03335
   0.07931
   0.12222
   0.08526
   0.20916
   0.39945
   0.38153
   0.31333
   0.33433
   0.38331
   0.25124
   0.53632
   0.50552
   0.45759
   0.62685
   0.63878
   0.51033
   0.71440
   0.90818
   0.81162
   0.77451
   0.84162
   0.77766
   0.86054
   1.09199
   0.97918
   0.94568
   1.24631
   1.23500
   1.24226
   1.43557
   1.43134
   1.26253
   1.38201
   1.57689
   1.33543
   1.62020
   1.62143
   1.62172
   1.70743
   1.77342
   1.73362
   1.90356
   1.64849
   1.64201
   1.97764
   1.89822
   1.83985
   1.79068
   2.11878
   1.95724
   1.77430
   2.16726
   1.97766
   2.07028
   2.20535
   2.09623
   2.03565
   2.06029
   1.97976
   1.94388
  -0.04042
   0.60513
   0.51952
   0.38246
   0.50373
   0.35627
   0.46953
   0.49429
   0.44675
   0.42139
   0.12724
   0.55902
   0.42764
   0.54768
   0.29055
   0.33169
   0.23527
   0.49505
   0.08468
   0.19150
   0.08859
   0.08492
   0.14992
  -0.03380
   0.06128
  -0.03956
   0.04312
  -0.12470
  -0.23501
  -0.27872
  -0.33708
  -0.25867
  -0.21572
  -0.43576
  -0.36772
  -0.25829
  -0.36779
  -0.60800
  -0.72612
  -0.35714
  -0.48175
  -0.55535
  -0.36291
  -0.45993
  -0.54039
  -0.49563
  -0.54814
  -0.45217
  -0.65408
  -0.50082
  -0.50101
  -0.41219
  -0.34217
  -0.45977
  -0.42059
  -0.29022
  -0.28640
  -0.14538
  -0.11539
  -0.14381
  -0.03156
  -0.14017
  -0.16145
  -0.18051
  -0.11731
   0.06139
   0.02531
   0.15102
   0.19567
   0.03578
   0.25531
   0.27670
   0.38263
   0.42420
   0.43365
   0.25552
   0.33144
   0.63260
   0.42453
   0.69645
   0.35664
   0.48675
   0.45441
   0.42893
   0.71048
   0.56639
   0.45153
   0.62487
   0.32766
   0.40594
   0.46522
   0.40396
   0.43902
   0.34365
   0.28972
   0.26872
   0.26097
   0.05285
   0.35569
   0.04629
   0.09582
   0.02704
